((("defn" .
   [1 0 0 0])
  ("member" .
   [0 0 1 0 0 0])
  ("ns" .
   [1 0])
  ("foo" .
   [1 0 0])
  ("overtone" .
   [0 0 0 0 1 0 0 0])
  ("stop" .
   [1 0 0 0])
  ("saw-wave" .
   [0 0 0 0 0 0 1 0])
  ("square-wave" .
   [0 0 0 0 1 0 0 0 0 0 0])
  ("noisey" .
   [0 0 0 1 0 0])
  ("triangle-wave" .
   [0 0 0 0 1 0 0 0 0 0 0 0 0])
  ("spooky-house" .
   [0 0 0 0 1 0 0 0 0 0 0 0])
  ("saw" .
   [1 0 0])
  ("100" .
   [1 0 0])
  ("sin-osc" .
   [1 0 0 0 0 0 0])
  ("lf-pulse" .
   [0 0 0 0 1 0 0 0])
  ("lein" .
   [1 0 0 0])))
